20 20 200
11 12
15 17
13 18
11 17
9 13
13 8
9 6
18 2
20 6
8 10
16 17
11 10
12 8
19 17
2 7
2 13
1 8
17 20
16 3
18 18
20 10
16 17
10 11
16 14
3 15
13 12
3 11
19 16
11 3
9 10
6 4
16 15
10 5
12 3
1 7
13 3
13 5
13 8
19 19
14 9
8 13
9 19
14 2
2 20
14 14
14 4
5 8
3 16
7 13
8 7
12 1
9 13
20 20
3 14
5 13
4 20
14 12
6 9
10 10
5 13
4 7
3 14
14 7
3 16
4 19
8 14
17 1
2 13
17 14
2 20
20 18
10 11
20 2
13 10
15 1
1 9
6 20
3 8
6 10
3 14
7 18
9 19
2 5
14 12
12 18
6 11
11 19
2 19
12 2
19 6
7 1
14 17
3 13
15 17
6 6
4 8
12 12
1 4
17 8
1 3
14 12
6 15
15 6
20 9
5 16
12 8
12 18
12 13
5 18
20 14
9 9
17 20
14 3
6 16
17 9
8 14
18 5
12 7
18 20
14 12
15 14
11 11
20 5
13 8
9 13
13 10
1 10
7 15
14 6
6 8
13 15
9 18
3 3
6 2
12 8
12 12
12 1
14 20
14 7
9 5
18 3
8 2
9 20
18 6
17 11
15 9
3 2
19 8
15 10
20 17
3 19
18 1
4 11
13 4
3 16
17 18
17 9
12 3
9 1
2 20
14 8
10 9
15 2
18 8
20 1
18 5
1 16
8 19
15 15
4 7
11 10
2 7
4 4
1 4
16 10
5 18
7 19
19 13
15 12
1 16
4 11
13 2
12 14
5 20
19 6
13 14
11 18
12 16
15 20
7 12
8 5
5 5
4 5
19 12
15 10
10 20
5 14
6 2
2 2
9 10
