275 297
358 423
302 429
273 424
212 312
323 193
219 149
446 29
482 137
192 239
396 407
265 240
285 197
463 419
36 169
44 325
11 185
417 479
390 71
436 436
490 237
400 401
231 261
391 340
60 361
320 292
72 269
473 380
261 53
208 237
133 94
388 369
229 109
285 68
10 163
309 75
307 112
309 194
472 452
341 225
180 307
219 452
349 50
31 485
334 327
336 86
106 180
65 376
158 304
182 163
286 20
220 318
495 480
52 327
105 318
81 498
327 291
127 208
234 238
123 312
80 170
56 338
329 159
70 390
99 475
185 332
411 7
49 312
419 337
49 486
489 440
235 255
489 28
303 226
370 10
20 221
142 490
61 180
149 241
60 345
159 441
208 460
33 109
347 283
284 433
133 255
262 459
47 461
288 42
465 139
160 5
334 422
66 324
359 421
145 133
92 199
294 277
11 83
415 185
3 74
